nan nan nan
nan nan nan
nan nan nan
nan nan nan
nan nan nan
nan nan nan
nan nan nan
nan nan nan
nan nan nan
nan nan nan
nan nan nan
nan nan nan
nan nan nan
nan nan nan
nan nan nan
nan nan nan
nan nan nan
nan nan nan
nan nan nan
nan nan nan
nan nan nan
nan nan nan
nan nan nan
nan nan nan
nan nan nan
nan nan nan
nan nan nan
nan nan nan
nan nan nan
nan nan nan
nan nan nan
nan nan nan
nan nan nan
nan nan nan
nan nan nan
nan nan nan
nan nan nan
nan nan nan
nan nan nan
nan nan nan
nan nan nan
nan nan nan
nan nan nan
nan nan nan
nan nan nan
nan nan nan
nan nan nan
nan nan nan
nan nan nan
1.1004 0.33845 -3.30785
1.094625 0.333025 -3.307675
1.089725 0.322175 -3.29945
1.081325 0.3177999 -3.302776
1.0836 0.3134249 -3.299275
1.085875 0.316225 -3.30015
1.08815 0.315875 -3.305576
1.08465 0.307475 -3.3138
1.083425 0.3031 -3.3117
1.07765 0.299425 -3.304701
1.0766 0.294875 -3.294376
1.078875 0.294 -3.297875
1.081325 0.283675 -3.28545
1.07065 0.285075 -3.28265
1.0605 0.279825 -3.28125
1.06295 0.278075 -3.2809
1.059275 0.2751 -3.2788
1.05875 0.280525 -3.2865
1.064175 0.28175 -3.291226
1.070825 0.284025 -3.298225
1.0689 0.284375 -3.29735
1.070825 0.28035 -3.296475
1.076075 0.288925 -3.303125
1.068375 0.27685 -3.300325
1.069425 0.272825 -3.3005
1.07065 0.268275 -3.298575
1.072575 0.2632 -3.29735
1.057175 0.268275 -3.30015
1.063825 0.273175 -3.302775
1.06715 0.273 -3.30155
1.0724 0.265825 -3.305226
1.06715 0.26285 -3.306625
1.0696 0.2583 -3.30785
1.056125 0.261625 -3.3103
1.056475 0.26215 -3.3138
1.06085 0.26285 -3.3159
1.051925 0.266525 -3.3124
1.045975 0.261625 -3.31485
1.040025 0.26005 -3.32465
1.036525 0.2555 -3.32255
1.0262 0.262325 -3.33025
1.028475 0.2667 -3.329025
1.0213 0.265475 -3.3327
1.023575 0.272825 -3.339875
1.024625 0.270025 -3.33375
1.026725 0.2604 -3.331475
1.024275 0.2576 -3.334625
1.03005 0.259525 -3.327975
1.02025 0.264775 -3.3208
1.0192 0.264425 -3.327275
1.0171 0.265475 -3.32605
1.0171 0.267225 -3.3257
1.021825 0.269325 -3.3355
1.024975 0.2632 -3.3341
1.018675 0.266875 -3.3418
1.02375 0.270025 -3.34635
1.0241 0.2716 -3.3537
1.0332 0.284725 -3.3439
1.029525 0.292425 -3.343725
1.0339 0.2967999 -3.348625
1.029525 0.30345 -3.3593
1.03845 0.2999499 -3.350025
1.048775 0.3002999 -3.34565
1.0514 0.2999499 -3.339525
1.05455 0.3122 -3.33305
1.044225 0.311675 -3.3313
1.041075 0.3127249 -3.338125
1.04685 0.30765 -3.328675
1.04685 0.302225 -3.318
1.043 0.30485 -3.3131
1.034075 0.3073 -3.3075
1.027075 0.306775 -3.3208
1.020425 0.30275 -3.3215
1.01885 0.3143 -3.3208
1.0094 0.315 -3.326575
1.008525 0.31605 -3.327975
1.00905 0.318675 -3.330075
1.0304 0.319025 -3.32115
1.016575 0.313425 -3.31835
1.001875 0.312025 -3.321325
0.9915501 0.315875 -3.325525
0.9836751 0.311675 -3.3271
0.9810501 0.306075 -3.3278
0.9856001 0.308525 -3.319225
0.9859502 0.307825 -3.322725
0.9836752 0.305725 -3.326575
0.9889251 0.29435 -3.32675
0.9969751 0.30135 -3.329025
0.9959251 0.3045001 -3.3243
0.9994251 0.308 -3.320275
1.01045 0.29295 -3.315725
1.012025 0.2882251 -3.3138
1.01885 0.29225 -3.309075
1.019375 0.2870001 -3.30855
1.02025 0.28105 -3.313275
1.013425 0.286825 -3.311175
1.0122 0.2898001 -3.307675
1.016225 0.2968 -3.309425
1.018325 0.293475 -3.3138
1.0234 0.292425 -3.311175
1.02795 0.287875 -3.31135
1.026725 0.28665 -3.316425
1.01815 0.286125 -3.314675
1.020425 0.29435 -3.313275
1.0143 0.2905 -3.30925
1.014825 0.2849 -3.308375
1.01395 0.28175 -3.30645
1.005375 0.28105 -3.3194
0.9975 0.276325 -3.327975
0.9985499 0.283325 -3.329375
1.001 0.286475 -3.32745
0.9964499 0.293475 -3.3327
0.9989 0.28875 -3.3362
1.0017 0.282975 -3.3495
1.010975 0.271425 -3.354575
1.014125 0.272125 -3.358425
1.022 0.2737 -3.355625
1.024975 0.27685 -3.3621
1.02235 0.284025 -3.365075
1.014825 0.287525 -3.3719
1.017975 0.29085 -3.375575
1.02865 0.291725 -3.361575
1.026025 0.287 -3.3607
1.034425 0.281575 -3.3572
1.0465 0.27965 -3.3565
1.060325 0.281225 -3.356675
1.05035 0.2772 -3.360875
1.0381 0.2695 -3.366475
1.04755 0.27685 -3.373475
1.0535 0.275625 -3.375575
1.061375 0.27195 -3.3733
1.0654 0.272825 -3.375225
1.070825 0.279475 -3.378025
1.071 0.274575 -3.386425
1.0745 0.273525 -3.385375
1.06995 0.270725 -3.381875
1.07695 0.270375 -3.379075
1.073625 0.2632 -3.376975
1.07975 0.265125 -3.3768
1.07625 0.267575 -3.384675
1.070125 0.2758 -3.38345
1.06575 0.266525 -3.385725
1.05875 0.261625 -3.391325
1.056125 0.263025 -3.387825
1.049825 0.2688 -3.387475
1.05455 0.271425 -3.394475
1.065225 0.28035 -3.396225
1.061025 0.281575 -3.39535
1.057 0.2821 -3.3978
1.048775 0.286825 -3.401475
1.0402 0.28245 -3.40445
1.037225 0.282625 -3.40305
1.0353 0.2779 -3.40795
1.0304 0.267575 -3.410225
1.03775 0.265475 -3.411625
1.039325 0.2681 -3.409525
1.038625 0.271775 -3.40585
1.04545 0.266525 -3.401475
1.0479 0.26915 -3.3943
1.04405 0.271775 -3.395525
1.0465 0.2695 -3.39745
1.048075 0.26705 -3.399375
1.03705 0.2779 -3.402
1.0388 0.280875 -3.395525
1.036175 0.2856 -3.3964
1.0367 0.289625 -3.398675
1.03425 0.291375 -3.402175
1.028475 0.2933 -3.404625
1.03635 0.293125 -3.41075
1.04755 0.29715 -3.405325
1.0549 0.292075 -3.40235
1.057525 0.2884001 -3.407425
1.058925 0.2889251 -3.41005
1.057525 0.29155 -3.413375
1.052625 0.29155 -3.4097
1.049475 0.296275 -3.408475
1.062775 0.2968 -3.402175
1.069425 0.299775 -3.39745
1.0556 0.2922501 -3.394125
1.0612 0.299075 -3.3845
1.063475 0.3122 -3.3831
1.064 0.31605 -3.37785
1.051575 0.31745 -3.377675
1.052275 0.32025 -3.372425
1.0416 0.317275 -3.367175
1.047025 0.319725 -3.372425
1.041775 0.32655 -3.380125
1.0472 0.331625 -3.379425
1.0465 0.3276 -3.3782
1.04265 0.315525 -3.37785
1.047025 0.30975 -3.377675
1.05245 0.3206 -3.37715
1.064875 0.329525 -3.37575
1.073975 0.32655 -3.37295
1.077125 0.3269001 -3.3705
1.0836 0.32235 -3.36805
1.077475 0.3157 -3.375225
1.0717 0.31395 -3.377675
1.0717 0.313075 -3.372425
1.079225 0.310975 -3.368925
1.0773 0.314825 -3.36805
1.082725 0.31535 -3.366825
1.088325 0.3248 -3.3649
1.08745 0.33915 -3.3635
1.0843 0.334775 -3.36315
1.073275 0.330925 -3.361225
1.0759 0.32655 -3.361225
1.06645 0.32515 -3.3572
1.070475 0.319375 -3.3593
1.0682 0.3185 -3.356325
1.068375 0.31955 -3.352125
1.067325 0.315875 -3.348975
1.075025 0.309225 -3.353525
1.072925 0.31255 -3.35825
1.068025 0.308175 -3.352825
1.053675 0.3059 -3.34635
1.051225 0.305725 -3.340925
1.0514 0.2954 -3.332525
1.049125 0.289975 -3.332525
1.044575 0.287525 -3.338825
1.034075 0.2912 -3.344425
1.029525 0.28735 -3.346
1.029 0.28875 -3.340225
1.029175 0.288575 -3.343025
1.031625 0.296975 -3.34425
1.018325 0.28805 -3.338125
1.00135 0.283325 -3.336725
0.9964499 0.284725 -3.339525
0.9992498 0.2842 -3.3418
0.9836749 0.275975 -3.35475
0.9854249 0.26565 -3.356151
0.987 0.262675 -3.357725
0.9891 0.264425 -3.3516
0.9978499 0.264075 -3.34705
1.00275 0.2625 -3.353701
0.9931249 0.263025 -3.35405
0.9954 0.266175 -3.3523
0.9880499 0.266 -3.355275
0.9806999 0.266525 -3.358775
0.9852499 0.2723 -3.357025
0.9829749 0.27615 -3.364026
0.9780749 0.27755 -3.363501
0.96985 0.271425 -3.354576
0.965125 0.273 -3.355276
0.9730001 0.267925 -3.354225
0.9693252 0.265125 -3.351075
0.9747501 0.263725 -3.3383
0.9754501 0.263725 -3.339
0.9838502 0.259 -3.34075
0.9735251 0.2625 -3.33795
0.9716002 0.2593499 -3.329375
0.9677502 0.2569 -3.32325
0.9661752 0.250075 -3.32395
0.9682753 0.2439499 -3.324475
0.9751001 0.2472749 -3.323075
0.9843752 0.2428999 -3.3173
0.9854252 0.23835 -3.316425
0.9913753 0.2360749 -3.319225
1.00135 0.2421999 -3.315725
1.015875 0.2313499 -3.320975
1.0192 0.234675 -3.32045
1.0115 0.2315249 -3.32395
1.003625 0.23345 -3.3215
1.001525 0.2309999 -3.30855
1.001525 0.232575 -3.3159
1.013075 0.237825 -3.322725
1.010975 0.239575 -3.322025
1.00625 0.2444749 -3.3236
1.003625 0.2345 -3.3201
0.9994253 0.2257499 -3.318175
1.009575 0.2268 -3.313275
1.010625 0.2338 -3.3019
1.0108 0.2290749 -3.304
1.00415 0.2337999 -3.305575
1.002925 0.2280249 -3.30575
1.0045 0.2341499 -3.314675
1.012375 0.2360749 -3.31765
1.017975 0.2330999 -3.321325
1.0269 0.2357249 -3.3222
1.04195 0.2369499 -3.3152
1.041075 0.2383499 -3.314675
1.043875 0.2430749 -3.317475
1.0451 0.2388749 -3.32045
1.034775 0.2418499 -3.3292
1.033375 0.2455249 -3.33025
1.0388 0.2428999 -3.322725
1.04335 0.2365999 -3.3222
1.045975 0.2358999 -3.32465
1.044225 0.2315249 -3.32535
1.039325 0.2316999 -3.325525
1.03425 0.2288999 -3.3173
1.026025 0.2236499 -3.3229
1.023225 0.2262749 -3.331825
1.02235 0.233975 -3.338125
1.01885 0.238 -3.344775
1.01815 0.238525 -3.34355
1.008875 0.23765 -3.343025
1.010275 0.230825 -3.34145
1.004675 0.233975 -3.34775
0.9968 0.229075 -3.3474
0.9954 0.2387 -3.35615
0.989275 0.240975 -3.368925
0.984375 0.24185 -3.36315
0.985775 0.238 -3.35755
0.9842 0.237825 -3.35195
0.99365 0.24675 -3.360175
0.991375 0.251125 -3.35755
0.987 0.2575999 -3.364725
0.9807 0.2541 -3.367175
0.9759749 0.260925 -3.36315
0.9775499 0.255675 -3.3677
0.982975 0.2611 -3.367
0.99225 0.265125 -3.3614
0.987875 0.265475 -3.36805
0.988575 0.263025 -3.365075
0.986475 0.2569 -3.36455
0.989975 0.25445 -3.3698
0.99225 0.24955 -3.36875
0.995575 0.257425 -3.367
1.002225 0.2639 -3.36455
1.00345 0.2577749 -3.3628
1.003975 0.2569 -3.371025
1.005025 0.258825 -3.3677
1.0101 0.252525 -3.3649
1.0017 0.251125 -3.368225
1.0045 0.2499 -3.37295
1.0129 0.255675 -3.37435
1.003625 0.26005 -3.372775
0.998025 0.2611 -3.374525
0.998725 0.266525 -3.3761
0.9938251 0.272125 -3.374175
0.9912001 0.26425 -3.36805
0.9926001 0.2604 -3.374525
1.005725 0.25585 -3.37295
1.00135 0.2555 -3.3705
0.9957501 0.2618 -3.37995
0.9864751 0.26145 -3.383275
0.9794751 0.267225 -3.3817
0.9896251 0.27755 -3.379775
0.9940001 0.2709 -3.37925
0.9947001 0.273875 -3.378375
1.005025 0.273175 -3.36875
1.00975 0.27125 -3.365075
1.0031 0.266525 -3.36875
1.002575 0.2716001 -3.3642
1.00625 0.2786001 -3.3663
1.01045 0.2807001 -3.370675
1.01115 0.2835001 -3.372075
1.015525 0.2826251 -3.37015
1.03145 0.27895 -3.373475
1.045975 0.2765 -3.3726
1.0528 0.272825 -3.3628
1.05175 0.27825 -3.366825
1.043 0.28105 -3.36875
1.039325 0.28455 -3.367875
1.03075 0.28805 -3.365425
1.024975 0.293825 -3.365775
1.031275 0.293825 -3.359475
1.02795 0.29505 -3.352125
1.0311 0.288925 -3.347925
1.030575 0.2831501 -3.346175
1.028125 0.281575 -3.3453
1.022875 0.2793 -3.34775
1.02235 0.277375 -3.3523
1.022525 0.27755 -3.354225
1.02235 0.278775 -3.347225
1.019375 0.28315 -3.34845
1.022175 0.2885751 -3.346875
1.014825 0.28595 -3.3509
1.0115 0.287175 -3.350025
1.010975 0.291025 -3.351425
1.0136 0.293125 -3.347575
1.013425 0.292775 -3.349675
1.0094 0.291025 -3.341625
1.0157 0.2871751 -3.332525
