0.95375 0.27125 -3.66625
1.05875 0.3325 -3.29
1.26875 0.06125 -3.19375
1.2775 0.525 -3.6925
1.1375 0.4725 -3.49125
1.0675 0.1575 -3.535
1.12 0.25375 -3.71875
1.19875 0.20125 -3.4125
0.84875 0.175 -3.08
0.6125 0.27125 -3.3775
1.085 0.46375 -3.4475
1.02375 0.3325 -3.4125
1.1725 0.2275 -3.45625
1.19 0.32375 -3.52625
1.1725 0.2625 -3.43
0.7 0.35875 -3.2725
0.77 -0.04375 -3.49125
1.19875 0.39375 -3.3075
1.5225 0.5425 -3.2025
0.84875 0.46375 -3.42125
1.30375 0.175 -3.26375
0.875 0.455 -3.605
1.05 0.3325 -3.35125
1.19875 0.245 -3.36
1.3125 0.30625 -3.22875
1.23375 0.27125 -3.38625
1.14625 0.3325 -3.29875
1.4525 0.455 -3.36
1.07625 0.55125 -3.47375
0.8137501 0.41125 -3.605
0.97125 0.21 -3.56125
1.19 0.49875 -3.3425
1.05875 0.7175 -3.7275
0.98875 0.0875 -3.36875
1.21625 0.315 -3.45625
0.95375 0.28875 -3.325
1.07625 0.245 -3.3425
1.16375 0.14 -3.57875
0.8137501 0.11375 -3.42125
0.945 0.35875 -3.49125
1.2075 0.16625 -3.3775
1.2775 0.48125 -3.19375
1.02375 0.04375 -3.36875
1.12875 0.28875 -3.36875
0.90125 -0.11375 -3.3075
0.8225 0.25375 -2.98375
1.3825 0.035 -3.4125
0.70875 0.1575 -3.6225
0.70875 0.105 -3.57875
1.225 0.3325 -3.3775
0.91 -0.035 -3.325
0.9275 0.41125 -3.73625
1.19875 0.2975 -3.5875
0.8575 0.2625 -3.43
0.76125 0.14875 -3.38625
0.93625 0.4375 -3.68375
1.16375 0.32375 -3.49125
1.18125 0.035 -3.40375
0.8400001 0.0175 -3.82375
0.98875 0.35 -3.35125
0.63 0.315 -3.43
0.7875 0.18375 -3.17625
1.18125 0.1225 -3.605
1.19875 0.07 -3.47375
0.8662499 0.035 -3.40375
1.225 0.39375 -3.19375
1.26 0.2975 -3.3075
0.8400001 0.21875 -3.38625
1.25125 0.4025 -3.45625
0.70875 0.21875 -3.15
0.6475 0.23625 -3.31625
0.945 0.51625 -3.78875
1.32125 0.18375 -3.38625
1.30375 0.44625 -3.2725
1.14625 0.21875 -3.33375
0.84875 0.42 -3.255
0.84875 0.04375 -3.6225
0.945 0.63875 -3.605
1.00625 0.04375 -3.56125
1.26 0.2625 -3.59625
0.95375 0.16625 -3.1675
0.83125 0.4725 -3.535
0.56 0.2625 -3.78875
1.35625 0.3325 -3.35125
0.74375 0.23625 -3.54375
0.8662499 0.42875 -3.6575
0.77 0.4375 -3.7275
0.805 0.37625 -3.1675
1.39125 0.56 -3.3075
0.665 0.34125 -3.38625
0.875 0.21 -3.43875
1.04125 0.34125 -3.2025
0.91875 0.44625 -3.2025
1.35625 0.665 -3.38625
0.9625 0.42875 -3.43875
1.12875 0.5075 -3.17625
0.98875 0.2625 -3.19375
0.8662499 0.30625 -3.57
1.05 0.44625 -3.52625
1.2075 0.60375 -3.71
1.14625 0.53375 -3.6225
0.9975 0.14875 -3.85875
1.14625 0.35 -3.14125
1.4 0.4025 -3.56125
1.16375 0.56875 -3.29
0.8662499 0.62125 -3.395
1.12875 0.20125 -3.325
0.9975 0.1225 -3.185
1.1025 0.28 -3.28125
1.05 0.315 -3.4825
1.37375 0.1575 -3.57875
1.21625 0.56 -3.1325
1.155 0.245 -3.17625
0.60375 0.07875 -3.325
1.61875 0.245 -3.2375
1.225 0.5425 -3.45625
1.07625 0.595 -3.22875
1.23375 0.35 -3.29
0.76125 0.3325 -3.71
1.35625 0.41125 -3.3775
0.8137501 0.30625 -3.2725
1.25125 0.60375 -3.14125
0.91 0.2975 -3.465
1.05875 0.245 -3.3075
1.39125 0.5075 -3.255
0.8400001 0.1925 -3.24625
0.70875 -0.00875 -3.5525
0.7875 0.07875 -3.57875
1.02375 0.4725 -3.6575
0.8837501 0.2975 -3.535
1.11125 0.49 -3.80625
1.295 0.42 -3.66625
1.1725 0.385 -3.4475
0.8575 0.25375 -3.4825
1.3125 0.35875 -3.3075
1.1375 0.21 -3.36875
1.0675 0.385 -3.38625
1.12875 0.20125 -3.24625
1.155 0.53375 -3.71875
0.49 0.18375 -3.59625
0.945 0.34125 -3.73625
1.04125 -0.27125 -3.4125
1.155 0.315 -3.71
0.9625 0.42875 -3.745
0.60375 0.49 -3.395
1.00625 0.53375 -3.2725
1.085 0.35875 -3.59625
1.365 0.035 -3.4125
0.91 -0.0525 -3.35125
0.72625 0.315 -3.71
1.295 0.525 -3.56125
1.3825 0.56 -3.535
0.98 0.385 -3.78
0.6825 0.4375 -3.57
1.225 0.1925 -3.52625
0.7175 0.1225 -3.36875
1.33 0.0175 -3.84125
1.2775 0.3675 -3.5
1.23375 0.16625 -3.15875
1.3125 0.27125 -3.52625
1.11125 0.3675 -3.36
0.77875 0.1925 -3.78875
1.14625 0.035 -3.64
1.07625 0.1225 -3.395
1.02375 0.28875 -3.42125
0.665 0.245 -3.4825
0.91 0.30625 -3.17625
0.7525 0.3675 -3.3425
1.085 -0.0875 -3.50875
1.295 0.1925 -3.6225
1.2775 0.0525 -3.35125
0.65625 0.2975 -3.3075
1.1375 0.53375 -3.395
0.9275 0.175 -3.3425
1.04125 0.0525 -3.5
1.225 0.2975 -3.47375
1.26875 0.21875 -3.29
1.225 0.25375 -3.71
1.11125 0.34125 -3.40375
1.12 0.35875 -3.24625
1.19 0.28 -3.36875
0.76125 0.21 -3.49125
0.67375 -0.00875 -3.15
1.12 0.525 -3.29875
0.79625 0.28875 -3.71875
0.63875 0.1575 -3.31625
1.085 0.34125 -3.56125
1.44375 0.385 -3.1325
0.91875 0.455 -3.64875
0.8400001 0.455 -3.28125
1.02375 0.41125 -3.29875
1.33875 0.39375 -3.50875
1.0675 0.35 -3.395
1.12 0.14875 -3.71875
1.14625 0.56 -3.43
1.435 0.35 -3.40375
0.9275 0.55125 -3.31625
0.9975 0.25375 -3.12375
1.21625 0.385 -3.26375
0.8662499 0.41125 -3.255
1.1375 0.37625 -3.5175
0.8837501 0.4025 -3.5
0.8837501 0.11375 -3.29
1.11125 0.28875 -3.395
1.18125 0.23625 -3.2375
0.83125 0.41125 -3.4825
1.3125 0.2275 -3.2375
1.4 0.49875 -3.49125
1.0675 0.385 -3.50875
1.05 0.21 -3.2725
0.9975 -0.23625 -3.52625
0.875 0.23625 -3.605
1.05 0.2975 -3.2375
1.1375 0.35875 -3.29
1.33 0.32375 -3.605
1.2775 0.5075 -3.2375
1.365 0.44625 -3.36875
1.19875 0.2975 -3.43875
1.60125 0.1575 -3.5
0.95375 0.00875 -3.5175
1.11125 0.35875 -3.35125
0.7175 0.2275 -3.3425
0.8662499 0.175 -3.64
1.225 0.5075 -3.43
0.945 0.0875 -3.5175
0.93625 0.21 -3.19375
1.085 0.49 -3.45625
1.18125 0.63 -3.40375
0.6125 0.35 -3.605
0.79625 0.18375 -3.47375
0.8225 0.16625 -3.49125
1.05 0.23625 -3.26375
1.4875 0.105 -3.40375
0.70875 0.34125 -3.42125
1.1725 -0.035 -3.6575
1.40875 0.28 -3.535
0.9625 0.49875 -3.45625
0.90125 0.30625 -3.5
1.3825 0.27125 -3.3075
0.77875 0.60375 -3.54375
1.02375 0.2625 -3.0275
1.26 0.3325 -3.4475
1.02375 0.1575 -3.1675
0.98875 0.21875 -3.57875
1.02375 0.7175 -3.35125
0.9275 0.06125 -3.4125
1.28625 -0.1225 -3.21125
1.33 0.455 -3.15
1.0675 0.0525 -3.42125
1.505 0.44625 -3.52625
1.25125 0.37625 -3.2725
0.98 0.2975 -3.395
1.3125 0.1925 -3.47375
1.2775 0.3675 -3.50875
0.77875 0.11375 -3.68375
1.04125 0.455 -3.17625
1.12 0.2975 -3.36875
1.54 0.2975 -3.57875
1.14625 0.37625 -3.59625
1.12875 0.28 -3.42125
1.16375 0.72625 -3.26375
1.365 0.3325 -3.05375
1.26875 0.58625 -3.4125
0.9975 0.28875 -3.15
1.37375 0.23625 -3.5525
1.26 0.2625 -3.42125
0.9275 0.41125 -3.31625
1.33 0.5425 -3.465
1.19875 0.34125 -3.3775
1.19875 0.455 -3.47375
1.155 0.28 -3.2375
0.49 0.0175 -3.00125
0.76125 0.1575 -3.15875
1.02375 0.4725 -3.66625
1.1725 0.30625 -3.49125
0.9625 0.23625 -3.185
1.37375 0.51625 -3.4125
1.49625 0.39375 -3.43
1.2075 0.21875 -3.35125
1.12 0.28875 -3.38625
1.0325 0.315 -3.17625
0.95375 0.09625 -3.675
0.83125 0.315 -3.57875
1.4 0.245 -3.29
1.33875 0.4725 -3.395
1.0325 0.0875 -3.50875
1.14625 0.13125 -3.2025
1.26875 0.21875 -3.2025
1.1375 0.39375 -3.7975
1.0325 0.32375 -3.22
1.2425 0.14 -3.3775
1.32125 0.63875 -3.43875
1.015 0.20125 -3.31625
1.05875 0.46375 -3.57875
0.8837501 0.41125 -3.36
1.09375 0.42 -3.2725
1.295 0.07875 -3.5
1.4175 0.035 -3.63125
1.085 0.28875 -3.4125
1.1725 0.21 -3.36875
1.1375 0.23625 -3.395
0.84875 -0.035 -3.22
0.8837501 0.2625 -3.10625
1.37375 0.07 -3.66625
0.91875 0.105 -3.5875
0.9625 0.32375 -3.465
0.8925 0.35 -3.28125
1.155 0.56 -3.71875
1.3825 0.245 -3.325
1.05 0.44625 -3.5
0.98875 0.2275 -3.5875
1.05 0.07875 -3.1675
0.91875 0.00875 -3.50875
1.12 0.35875 -3.465
1.33 0.3325 -3.49125
1.14625 0.35875 -3.52625
1.53125 0.42875 -3.24625
1.155 0.385 -3.3775
1.05 0.455 -3.395
1.09375 0.035 -3.43
0.9275 0.2625 -3.395
0.74375 0.245 -3.40375
1.14625 0.23625 -3.19375
1.05 0.23625 -3.08875
1.4525 0.11375 -3.465
1.0675 0.30625 -3.47375
1.2775 0.07 -2.9925
1.1725 0.09625 -3.28125
0.32375 0.14875 -3.325
1.60125 0.00875 -3.3075
1.47 0.245 -3.31625
1.07625 0.2275 -3.36875
0.8400001 0.16625 -3.49125
1.09375 0.315 -3.40375
0.8662499 0.4025 -3.66625
1.085 0.55125 -3.77125
1.0325 0.35 -3.01875
1.2075 0.49 -3.45625
0.79625 0.28 -3.36
0.9975 0.0875 -3.2025
0.97125 0.245 -3.36
0.93625 0.39375 -3.43
1.23375 0.41125 -3.26375
0.8925 0.49875 -3.43875
1.02375 -0.0525 -3.29875
1.2075 -0.04375 -3.185
1.19875 0.46375 -3.70125
1.19 0.62125 -3.52625
1.4525 0.525 -3.21125
1.02375 0.39375 -3.29875
1.51375 0.455 -3.26375
1.28625 -0.00875 -3.3775
0.945 0.18375 -3.22875
0.83125 0.2625 -3.54375
1.2775 0.30625 -3.6225
1.35625 0.3675 -3.395
1.49625 0.62125 -3.605
1.155 0.20125 -3.12375
0.8400001 0.0525 -3.185
1.1725 0.35875 -3.31625
1.0675 0.58625 -3.465
0.77 -0.0175 -3.10625
0.90125 0.23625 -3.26375
0.98 0.21 -3.5
1.33875 0.3675 -3.57
0.6825 0.3325 -3.33375
0.77 0.07 -3.56125
1.25125 0.46375 -3.745
0.6475 0.02625 -3.42125
0.76125 0.105 -3.70125
1.14625 0.16625 -3.5875
1.0325 0.42875 -3.535
0.90125 0.3325 -3.4475
1.04125 0.4375 -3.36
0.95375 0.32375 -3.29875
1.26875 0.315 -3.47375
1.2075 0.6475 -3.40375
0.8837501 0.28 -3.52625
0.735 0.035 -3.50875
0.7875 0.27125 -3.0975
1.16375 0.14875 -3.36
1.09375 0.35 -3.5
1.00625 0.28 -3.54375
1.6275 0.09625 -3.36
0.21 -0.035 -3.2725
0.58625 -0.02625 -2.9225
1.0675 0.14 -3.64875
1.02375 0.30625 -3.29875
0.91 0.49 -3.71
0.98 0.14875 -3.605
0.9275 0.3325 -3.465
1.225 0.42875 -3.38625
0.9275 0.5775 -3.5525
0.58625 0.20125 -3.3775
0.72625 0.32375 -3.70125
0.63 0.11375 -3.52625
1.02375 0.3675 -3.465
1.1725 0.56 -3.08875
0.8837501 0.46375 -3.45625
1.0325 0.23625 -3.36875
1.225 0.21875 -3.2725
1.19875 0.5425 -3.325
1.2425 0.23625 -3.325
1.44375 -0.0175 -3.3775
1.07625 -0.0525 -3.66625
1.1725 -0.0525 -3.17625
0.84875 0.2625 -3.3075
1.2075 0.6475 -3.36875
0.8662499 0.55125 -3.1675
0.83125 0.51625 -3.6225
1.32125 0.63 -3.47375
1.25125 0.70875 -3.5175
1.3125 0.2625 -3.4475
0.8575 0.20125 -3.325
0.7525 0.315 -3.4125
1.015 0.65625 -3.49125
1.19 0.3675 -3.5875
1.14625 0.49875 -3.33375
0.98875 0.28 -3.29875
