3.900000000000000000e+02 0.000000000000000000e+00
3.950000000000000000e+02 2.224897805388529604e-01
4.000000000000000000e+02 4.449811442630113856e-01
4.050000000000000000e+02 5.140950987749312029e-01
4.100000000000000000e+02 5.832106364721565406e-01
4.150000000000000000e+02 5.986134463094366920e-01
4.200000000000000000e+02 6.140162561467169544e-01
4.250000000000000000e+02 5.605869184564576946e-01
4.300000000000000000e+02 5.071591639515038441e-01
4.350000000000000000e+02 6.510912896310862008e-01
4.400000000000000000e+02 7.950249984959739669e-01
4.450000000000000000e+02 8.911401783933202703e-01
4.500000000000000000e+02 9.872711901437215554e-01
4.550000000000000000e+02 9.936355950718608332e-01
4.600000000000000000e+02 1.000000000000000000e+00
4.650000000000000000e+02 9.766321848907126846e-01
4.700000000000000000e+02 9.532802016344804619e-01
4.750000000000000000e+02 9.616869156067241464e-01
4.800000000000000000e+02 9.700936295789677200e-01
4.850000000000000000e+02 9.137955601151291907e-01
4.900000000000000000e+02 8.574974906512907724e-01
4.950000000000000000e+02 8.617879228292154581e-01
5.000000000000000000e+02 8.660941868601952365e-01
5.050000000000000000e+02 8.538086688894588328e-01
5.100000000000000000e+02 8.415231509187224290e-01
5.150000000000000000e+02 8.176803802177829983e-01
5.200000000000000000e+02 7.938376095168434565e-01
5.250000000000000000e+02 8.167779645936438238e-01
5.300000000000000000e+02 8.397341515234991727e-01
5.350000000000000000e+02 8.137382488070699083e-01
5.400000000000000000e+02 7.877423460906405328e-01
5.450000000000000000e+02 7.848926125407273968e-01
5.500000000000000000e+02 7.820587108438694646e-01
5.550000000000000000e+02 7.500308721134574252e-01
5.600000000000000000e+02 7.180030333830453859e-01
5.650000000000000000e+02 6.889848299184025970e-01
5.700000000000000000e+02 6.599666264537599192e-01
5.750000000000000000e+02 6.556429473844195277e-01
5.800000000000000000e+02 6.513192683150792472e-01
5.850000000000000000e+02 5.950971917459051408e-01
5.900000000000000000e+02 5.388751151767309233e-01
5.950000000000000000e+02 5.493288877489954647e-01
6.000000000000000000e+02 5.597826603212600061e-01
6.050000000000000000e+02 5.565592950392471705e-01
6.100000000000000000e+02 5.533375129425398553e-01
6.150000000000000000e+02 5.382940861696098311e-01
6.200000000000000000e+02 5.232506593966796959e-01
6.250000000000000000e+02 4.883398402249389814e-01
6.300000000000000000e+02 4.534306042385036761e-01
6.350000000000000000e+02 4.566808836707101360e-01
6.400000000000000000e+02 4.599311631029165404e-01
6.450000000000000000e+02 4.308607145231920788e-01
6.500000000000000000e+02 4.017902659434676171e-01
6.550000000000000000e+02 4.032768769453389246e-01
6.600000000000000000e+02 4.047634879472102876e-01
6.650000000000000000e+02 4.210956275588232378e-01
6.700000000000000000e+02 4.374277671704362436e-01
6.750000000000000000e+02 4.058147229900671005e-01
6.800000000000000000e+02 3.742016788096979574e-01
6.850000000000000000e+02 3.064175999544042628e-01
6.900000000000000000e+02 2.386351042844160608e-01
6.950000000000000000e+02 2.535787903830991619e-01
7.000000000000000000e+02 2.685224764817822907e-01