3.900000000000000000e+02 2.040000000000000147e-02 -1.060000000000000005e-02 9.901999999999999691e-01
3.950000000000000000e+02 2.040000000000000147e-02 -1.060000000000000005e-02 9.901999999999999691e-01
4.000000000000000000e+02 2.040000000000000147e-02 -1.060000000000000005e-02 9.901999999999999691e-01
4.050000000000000000e+02 1.909999999999999892e-02 -1.009999999999999960e-02 9.909999999999999920e-01
4.100000000000000000e+02 1.770000000000000046e-02 -9.599999999999999159e-03 9.919000000000000039e-01
4.150000000000000000e+02 1.619999999999999912e-02 -8.899999999999999925e-03 9.927000000000000268e-01
4.200000000000000000e+02 1.370000000000000037e-02 -7.400000000000000328e-03 9.937000000000000277e-01
4.250000000000000000e+02 1.140000000000000041e-02 -6.000000000000000125e-03 9.946000000000000396e-01
4.300000000000000000e+02 7.199999999999999803e-03 -3.700000000000000164e-03 9.965000000000000524e-01
4.350000000000000000e+02 1.100000000000000066e-03 -5.000000000000000104e-04 9.993999999999999551e-01
4.400000000000000000e+02 -7.000000000000000146e-03 3.899999999999999821e-03 1.003100000000000103e+00
4.450000000000000000e+02 -1.779999999999999985e-02 9.299999999999999239e-03 1.008499999999999952e+00
4.500000000000000000e+02 -3.150000000000000022e-02 1.609999999999999973e-02 1.015400000000000080e+00
4.550000000000000000e+02 -4.870000000000000023e-02 2.639999999999999986e-02 1.022299999999999986e+00
4.600000000000000000e+02 -6.969999999999999807e-02 4.050000000000000128e-02 1.029199999999999893e+00
4.650000000000000000e+02 -9.829999999999999849e-02 6.320000000000000617e-02 1.035099999999999909e+00
4.700000000000000000e+02 -1.376000000000000001e-01 9.700000000000000289e-02 1.040599999999999969e+00
4.750000000000000000e+02 -1.990000000000000102e-01 1.519999999999999962e-01 1.046999999999999931e+00
4.800000000000000000e+02 -2.846000000000000196e-01 2.366999999999999937e-01 1.047900000000000054e+00
4.850000000000000000e+02 -4.018999999999999795e-01 3.689000000000000057e-01 1.032999999999999918e+00
4.900000000000000000e+02 -5.526999999999999691e-01 5.613000000000000211e-01 9.913999999999999480e-01
4.950000000000000000e+02 -7.479999999999999982e-01 8.439999999999999725e-01 9.040000000000000258e-01
5.000000000000000000e+02 -9.494000000000000217e-01 1.172700000000000076e+00 7.766999999999999460e-01
5.050000000000000000e+02 -1.080000000000000071e+00 1.475000000000000089e+00 6.049999999999999822e-01
5.100000000000000000e+02 -1.120300000000000074e+00 1.696399999999999908e+00 4.238999999999999990e-01
5.150000000000000000e+02 -1.031099999999999905e+00 1.764699999999999935e+00 2.664000000000000257e-01
5.200000000000000000e+02 -8.637000000000000233e-01 1.711400000000000032e+00 1.522999999999999909e-01
5.250000000000000000e+02 -6.739000000000000545e-01 1.584899999999999975e+00 8.899999999999999578e-02
5.300000000000000000e+02 -4.879000000000000004e-01 1.440600000000000103e+00 4.730000000000000177e-02
5.350000000000000000e+02 -3.165000000000000036e-01 1.294399999999999995e+00 2.210000000000000159e-02
5.400000000000000000e+02 -1.617000000000000104e-01 1.153000000000000025e+00 8.699999999999999400e-03
5.450000000000000000e+02 -2.790000000000000119e-02 1.026699999999999946e+00 1.199999999999999895e-03
5.500000000000000000e+02 8.590000000000000413e-02 9.165999999999999703e-01 -2.500000000000000052e-03
5.550000000000000000e+02 1.990000000000000102e-01 8.064000000000000057e-01 -5.400000000000000286e-03
5.600000000000000000e+02 3.032000000000000250e-01 7.028999999999999693e-01 -6.100000000000000387e-03
5.650000000000000000e+02 3.987999999999999878e-01 6.068000000000000060e-01 -5.599999999999999943e-03
5.700000000000000000e+02 4.863999999999999990e-01 5.184999999999999609e-01 -4.899999999999999842e-03
5.750000000000000000e+02 5.664000000000000146e-01 4.375999999999999890e-01 -4.000000000000000083e-03
5.800000000000000000e+02 6.375999999999999446e-01 3.654999999999999916e-01 -3.099999999999999891e-03
5.850000000000000000e+02 7.003000000000000336e-01 3.019999999999999907e-01 -2.299999999999999961e-03
5.900000000000000000e+02 7.571999999999999842e-01 2.442000000000000004e-01 -1.399999999999999986e-03
5.950000000000000000e+02 8.031000000000000361e-01 1.978999999999999926e-01 -1.000000000000000021e-03
6.000000000000000000e+02 8.406000000000000139e-01 1.600000000000000033e-01 -5.999999999999999474e-04
6.050000000000000000e+02 8.738000000000000211e-01 1.267000000000000071e-01 -5.000000000000000104e-04
6.100000000000000000e+02 9.010000000000000231e-01 9.950000000000000511e-02 -5.000000000000000104e-04
6.150000000000000000e+02 9.219000000000000528e-01 7.860000000000000320e-02 -5.000000000000000104e-04
6.200000000000000000e+02 9.385000000000000009e-01 6.199999999999999956e-02 -5.000000000000000104e-04
6.250000000000000000e+02 9.526000000000000023e-01 4.789999999999999813e-02 -5.000000000000000104e-04
6.300000000000000000e+02 9.638999999999999790e-01 3.660000000000000059e-02 -5.000000000000000104e-04
6.350000000000000000e+02 9.731999999999999540e-01 2.730000000000000135e-02 -5.000000000000000104e-04
6.400000000000000000e+02 9.798999999999999932e-01 2.060000000000000026e-02 -5.000000000000000104e-04
6.450000000000000000e+02 9.852999999999999536e-01 1.519999999999999997e-02 -5.000000000000000104e-04
6.500000000000000000e+02 9.889000000000000012e-01 1.110000000000000049e-02 0.000000000000000000e+00
6.550000000000000000e+02 9.917000000000000259e-01 8.300000000000000086e-03 0.000000000000000000e+00
6.600000000000000000e+02 9.937000000000000277e-01 6.300000000000000044e-03 0.000000000000000000e+00
6.650000000000000000e+02 9.949999999999999956e-01 5.000000000000000104e-03 0.000000000000000000e+00
6.700000000000000000e+02 9.960999999999999854e-01 3.899999999999999821e-03 0.000000000000000000e+00
6.750000000000000000e+02 9.970999999999999863e-01 2.899999999999999800e-03 0.000000000000000000e+00
6.800000000000000000e+02 9.976000000000000423e-01 2.399999999999999790e-03 0.000000000000000000e+00
6.850000000000000000e+02 9.985000000000000542e-01 1.500000000000000031e-03 0.000000000000000000e+00
6.900000000000000000e+02 9.992999999999999661e-01 6.999999999999999929e-04 0.000000000000000000e+00
6.950000000000000000e+02 9.997000000000000330e-01 2.999999999999999737e-04 0.000000000000000000e+00
7.000000000000000000e+02 1.000000000000000000e+00 0.000000000000000000e+00 0.000000000000000000e+00
