-0.049044 0.005856 0.9940559
-0.044652 -0.000732 0.9611159
-0.041724 0.004392 0.996984
-0.057096 0.00732 0.9889319
-0.043188 -0.001464 0.975024
-0.039528 0.002196 0.985272
-0.039528 0.002196 0.985272
-0.060756 0.001464 0.983076
-0.060756 0.00732 0.983076
-0.038796 -0.00732 0.9838079
-0.052704 0.0 0.987468
-0.030744 0.005856 1.000644
-0.050508 -0.002928 0.97356
-0.061488 0.008052 0.9889319
-0.039528 0.002196 0.9889319
-0.038796 0.002196 1.004304
-0.041724 0.004392 0.994788
-0.0366 0.005856 1.0065
-0.037332 -0.005124 0.960384
-0.045384 -0.001464 0.9698999
-0.033672 -0.008052 0.979416
-0.044652 0.008783999 1.000644
-0.052704 0.005124 0.977952
-0.057096 0.008052 0.959652
-0.056364 0.008052 0.985272
-0.04758 -0.005856 0.953796
-0.049044 -0.001464 0.979416
-0.060024 0.002196 0.964044
-0.057096 0.004392 0.960384
-0.020496 -0.000732 1.02114
-0.052704 -0.002196 0.954528
-0.044652 0.005124 1.013088
-0.032208 -0.004392 0.9838079
-0.053436 0.012444 0.996252
-0.027816 -0.002928 1.001376
-0.055632 0.0 0.9625799
-0.055632 0.0 0.9625799
-0.041724 0.002928 0.978684
-0.028548 0.002196 0.994788
-0.028548 0.002196 0.994788
-0.04758 0.013176 1.00284
-0.052704 -0.001464 0.978684
-0.052704 -0.00732 0.965508
-0.059292 0.001464 1.001376
-0.044652 0.005124 0.997716
-0.053436 0.024888 1.054812
-0.055632 -0.000732 0.9889319
-0.027816 -0.004392 0.999912
-0.037332 0.001464 0.994788
-0.040992 -0.001464 0.998448
-0.040992 -0.001464 0.972096
-0.038796 0.000732 1.008696
-0.049044 0.00732 1.004304
-0.034404 -0.004392 0.976488
-0.048312 0.008783999 1.015284
-0.060756 -0.01464 0.902556
-0.057096 -0.01098 0.912804
-0.057096 -0.01098 0.912804
-0.081984 0.016836 0.967704
-0.03294 0.002196 1.010892
-0.037332 0.005856 0.9940559
-0.04026 0.01098 0.981612
-0.038064 0.001464 0.993324
-0.053436 0.00366 0.976488
-0.051972 0.006588 0.974292
-0.037332 0.002196 0.970632
-0.041724 0.001464 0.996252
-0.038064 0.004392 1.002108
-0.057096 0.013908 1.007964
-0.04758 0.008783999 1.007232
-0.060024 -0.000732 0.975024
-0.043188 -0.00366 0.989664
-0.043188 -0.00366 0.989664
-0.048312 0.000732 1.013088
-0.04392 0.00366 0.991128
-0.04392 0.00366 0.991128
-0.049776 0.005856 0.992592
-0.046848 0.013176 1.012356
-0.034404 0.002928 1.012356
-0.04758 0.002196 0.982344
-0.049044 -0.002196 1.013088
-0.06954 0.008052 0.981612
-0.037332 0.004392 0.996984
-0.04026 0.011712 0.986004
-0.046848 0.0 0.965508
-0.056364 0.00732 0.97356
-0.04758 -0.00366 0.9801479
-0.028548 -0.004392 1.003572
-0.040992 -0.001464 0.969168
-0.032208 0.010248 0.9940559
-0.032208 0.010248 0.9940559
-0.06295199 0.008783999 1.01748
-0.051972 0.002196 0.957456
-0.051972 0.002196 0.957456
-0.046848 0.01098 1.001376
-0.03294 -0.000732 1.007964
-0.049044 0.008783999 1.003572
-0.04392 -0.001464 0.9838079
-0.043188 -0.004392 0.991128
-0.038064 0.0 0.994788
-0.054168 0.0 0.97356
-0.057828 0.006588 0.9713639
-0.046116 0.008783999 0.996984
-0.046116 0.004392 1.005036
-0.028548 0.00732 1.002108
-0.052704 0.005124 0.970632
-0.056364 0.008783999 0.969168
-0.04026 0.001464 1.01016
-0.04026 0.001464 1.01016
-0.04026 -0.000732 0.979416
-0.043188 0.004392 1.011624
-0.043188 0.004392 1.011624
-0.031476 0.002928 1.003572
-0.046116 0.002928 1.010892
-0.057096 -0.005124 0.97356
-0.048312 0.0 0.9882
-0.038064 0.011712 0.99552
-0.039528 0.005856 1.012356
-0.035868 0.008783999 0.998448
-0.056364 0.01464 0.9838079
-0.035136 -0.00366 1.004304
-0.060024 0.010248 0.972828
-0.048312 0.004392 0.997716
-0.041724 0.001464 0.975756
-0.03294 0.001464 0.99186
-0.052704 -0.001464 0.965508
-0.052704 -0.001464 0.965508
-0.049044 0.001464 1.011624
-0.050508 0.000732 0.993324
-0.04758 -0.004392 0.983076
-0.049776 -0.004392 0.96624
-0.051972 0.002928 0.970632
-0.059292 0.005856 0.9684361
-0.04026 0.002196 0.9991799
-0.035868 0.006588 1.003572
-0.061488 -0.001464 0.9647759
-0.057096 0.008052 0.957456
-0.040992 -0.004392 0.9991799
-0.043188 -0.004392 0.994788
-0.0549 0.013908 0.987468
-0.046116 -0.006588 0.972096
-0.059292 0.001464 0.982344
-0.045384 0.002196 0.986004
-0.034404 0.005124 0.989664
-0.034404 0.005124 0.989664
-0.053436 0.002928 0.991128
-0.048312 0.002928 0.9903959
-0.043188 0.002196 0.976488
-0.0366 0.01464 0.974292
-0.04026 0.00366 1.015284
-0.035868 0.009516 1.004304
-0.050508 0.009516 0.9801479
-0.050508 0.009516 0.9801479
-0.060024 0.006588 0.9903959
-0.038796 0.012444 0.9940559
-0.046848 0.006588 0.964044
-0.046116 0.005856 0.994788
-0.056364 0.012444 0.9713639
-0.050508 0.002928 0.977952
-0.052704 0.005124 0.975024
-0.039528 0.011712 1.00284
-0.033672 0.001464 1.00284
-0.035868 -0.008783999 0.9882
-0.052704 -0.002196 0.974292
-0.053436 0.005124 0.9838079
-0.039528 -0.002196 1.005768
-0.051972 -0.002196 0.970632
-0.051972 -0.002196 0.970632
-0.055632 0.00732 0.986736
-0.061488 0.002196 0.978684
-0.044652 0.00732 0.989664
-0.06295199 0.00732 0.9801479
-0.05124 -0.00366 0.9684361
-0.046848 -0.000732 0.9889319
-0.052704 0.005856 0.994788
-0.037332 0.009516 1.023336
-0.052704 0.001464 0.98088
-0.054168 0.006588 0.972828
-0.045384 0.004392 0.99552
-0.028548 -0.001464 1.018212
-0.052704 0.00732 0.982344
-0.057096 0.0 0.986004
-0.057096 0.0 0.986004
-0.049776 0.008783999 0.982344
-0.04026 0.008052 0.985272
-0.050508 0.0 1.007964
-0.046848 0.013908 1.007964
-0.053436 0.0 0.983076
-0.060024 0.002196 0.9713639
-0.063684 0.006588 0.975756
-0.067344 0.004392 0.975024
-0.067344 0.004392 0.975024
-0.059292 0.001464 0.982344
-0.04758 0.005856 1.022604
-0.045384 0.0 0.9611159
-0.05124 -0.002928 0.986004
-0.04026 0.000732 0.996252
-0.0549 0.012444 0.9903959
-0.057828 0.001464 0.975024
-0.054168 0.002928 0.949404
-0.03294 -0.005856 0.985272
-0.053436 0.002928 0.9698999
-0.046848 0.005856 0.982344
-0.038796 0.009516 1.036512
-0.046848 0.005124 1.003572
-0.042456 0.000732 0.989664
-0.042456 0.000732 0.9838079
-0.054168 0.00366 0.9838079
-0.044652 0.006588 1.00284
-0.048312 0.005124 0.994788
-0.051972 0.005856 1.005768
-0.039528 -0.002928 0.982344
-0.042456 0.0 0.983076
-0.050508 0.013908 0.9882
-0.043188 0.0 0.9801479
-0.038064 0.002928 1.003572
-0.046116 0.005124 0.993324
-0.05124 0.010248 0.986736
-0.057096 -0.002928 0.9611159
-0.061488 -0.002928 0.976488
-0.04392 -0.002196 0.982344
-0.052704 0.002196 0.983076
-0.04392 0.000732 0.9903959
-0.033672 0.002928 0.996984
-0.048312 0.011712 0.981612
-0.046848 0.009516 1.01748
-0.05856 0.0 0.959652
-0.0366 -0.000732 0.9940559
-0.0549 0.005856 0.9940559
-0.05124 -0.000732 0.960384
-0.049776 0.002196 0.9838079
-0.057096 -0.001464 0.965508
-0.055632 0.0 0.97356
-0.055632 0.0 0.97356
-0.045384 -0.009516 0.986004
-0.051972 0.005124 0.98088
-0.046116 -0.000732 0.981612
-0.053436 0.0 0.975024
-0.037332 -0.008052 0.9903959
-0.042456 0.000732 0.9940559
-0.052704 0.011712 1.01016
-0.046116 0.005124 0.992592
-0.045384 0.005124 0.9991799
-0.050508 0.002928 1.002108
-0.04026 0.00366 0.9903959
-0.037332 0.001464 0.9838079
-0.053436 0.005856 1.013088
-0.05856 0.000732 0.956724
-0.05856 0.000732 0.956724
-0.066612 0.013908 0.965508
-0.045384 0.0 1.009428
-0.04392 0.0 1.000644
-0.041724 0.005124 0.9882
-0.053436 0.000732 0.978684
-0.04026 0.0 0.983076
-0.043188 0.0 0.9647759
-0.052704 0.001464 0.983076
-0.055632 -0.000732 0.959652
-0.063684 0.00366 0.993324
-0.049044 0.000732 0.963312
-0.044652 0.001464 0.974292
-0.04026 -0.002196 1.010892
-0.039528 0.000732 0.99186
-0.059292 0.005856 0.975756
-0.03294 0.005124 1.023336
-0.046848 0.0 0.99186
-0.046848 0.0 0.99186
-0.044652 0.005124 0.974292
-0.05124 0.002928 0.992592
-0.040992 0.002928 0.992592
-0.05856 0.00366 0.9698999
-0.041724 -0.008052 0.98454
-0.037332 -0.006588 1.000644
-0.035136 -0.002928 1.02114
-0.044652 0.00732 0.99552
-0.038796 -0.004392 0.993324
-0.046116 0.010248 1.015284
-0.046116 0.002928 0.974292
-0.050508 0.012444 1.015284
-0.039528 0.0 0.999912
-0.052704 0.008783999 0.997716
-0.044652 0.0 1.000644
-0.044652 0.0 1.022604
-0.044652 0.0 1.005036
-0.039528 -0.002928 1.005036
-0.055632 0.002928 0.9647759
-0.040992 0.01098 1.063596
-0.057828 0.002928 0.987468
-0.035868 0.01098 1.01382
-0.05856 0.008783999 0.989664
-0.034404 0.002928 0.9882
-0.055632 0.002196 0.972828
-0.040992 0.004392 0.9903959
-0.038796 0.001464 1.012356
-0.053436 0.008052 0.970632
-0.050508 0.00366 1.000644
-0.040992 0.001464 1.007232
-0.046116 0.0 0.992592
-0.042456 0.002196 0.974292
-0.038796 0.002928 0.996984
-0.039528 0.010248 1.016748
-0.049044 0.00366 0.985272
-0.038064 0.00366 1.003572
-0.037332 0.000732 1.023336
-0.049776 0.004392 0.996252
-0.05124 0.005856 0.9838079
-0.05124 0.005856 1.013088
-0.045384 -0.001464 1.013088
-0.046116 0.0 0.9903959
-0.052704 0.0 0.976488
-0.044652 0.000732 1.00284
-0.053436 0.008052 0.989664
-0.048312 0.01464 0.9889319
-0.057828 0.002196 0.974292
-0.038796 0.002928 0.985272
-0.0366 0.010248 1.007964
-0.042456 0.006588 0.998448
-0.060756 0.00366 0.9991799
-0.049776 0.000732 0.979416
-0.046848 0.004392 0.99552
-0.045384 0.002928 0.964044
-0.04026 0.0 0.996984
-0.056364 0.000732 0.9713639
-0.042456 0.005124 0.975756
-0.042456 0.005124 0.975756
-0.05856 0.006588 0.964044
-0.038064 0.006588 0.982344
-0.046848 0.00366 0.993324
-0.044652 0.013908 0.999912
-0.04026 0.004392 1.001376
-0.060756 -0.001464 0.986004
-0.048312 0.005124 0.981612
-0.046116 -0.002928 0.978684
-0.053436 0.00366 1.007964
-0.038064 -0.001464 0.994788
-0.048312 0.00366 0.985272
-0.045384 0.0 0.9801479
-0.04758 0.002196 0.985272
-0.049044 0.00732 0.976488
-0.054168 0.002196 0.9684361
-0.052704 0.005856 0.9838079
-0.043188 0.001464 1.01016
-0.043188 0.001464 1.01016
-0.042456 -0.000732 0.991128
-0.049044 0.008052 1.007964
-0.05124 0.005856 0.9838079
-0.043188 -0.001464 1.013088
-0.04392 0.002196 0.996984
-0.035136 -0.000732 0.99552
-0.042456 0.006588 1.010892
-0.04026 0.001464 0.976488
-0.057096 0.011712 0.992592
-0.04392 0.002928 0.9991799
-0.051972 -0.004392 0.981612
-0.040992 0.001464 0.9889319
-0.05124 0.000732 0.966972
-0.04026 0.010248 1.020408
-0.04026 0.008783999 0.979416
-0.057096 0.008783999 0.979416
-0.048312 0.00366 0.9801479
-0.054168 0.01464 0.99186
-0.057096 -0.002196 0.949404
-0.051972 0.005124 0.986004
-0.053436 0.00366 0.9801479
-0.030012 -0.002928 1.012356
-0.02928 0.010248 1.040904
-0.0549 0.00732 0.9838079
-0.057096 0.002928 0.9713639
-0.0549 0.004392 0.969168
-0.056364 0.009516 0.976488
-0.040992 0.008783999 0.994788
-0.049776 0.010248 1.007964
-0.051972 0.005124 0.9991799
-0.039528 0.005124 0.997716
-0.060024 0.00732 0.9698999
-0.031476 -0.012444 0.976488
