-0.08783999 0.02196 1.799988
-0.039528 0.006588 0.9903959
-0.061488 0.001464 0.972828
-0.046848 0.00366 1.009428
-0.046848 0.00732 1.016016
-0.039528 -0.001464 0.9882
-0.035868 -0.000732 0.9801479
-0.033672 -0.00366 1.007232
-0.038064 -0.004392 0.975024
-0.038796 -0.008052 0.978684
-0.038796 -0.00732 0.979416
-0.041724 -0.00732 0.979416
-0.041724 0.009516 1.005036
-0.06222 0.008783999 0.989664
-0.052704 0.009516 0.996252
-0.039528 0.0 1.007232
-0.054168 0.004392 0.9801479
-0.049776 0.015372 1.003572
-0.054168 0.012444 1.01016
-0.059292 0.008783999 0.97356
-0.059292 0.001464 0.957456
-0.048312 0.004392 0.9940559
-0.035868 0.001464 1.01382
-0.054168 0.006588 0.985272
-0.0549 0.009516 0.993324
-0.04392 0.009516 0.95526
-0.055632 0.008052 0.978684
-0.028548 -0.002928 0.996984
-0.044652 -0.00366 0.9698999
-0.065148 0.000732 0.9882
-0.053436 0.01098 0.9889319
-0.06295199 0.006588 0.991128
-0.054168 0.006588 0.969168
-0.041724 0.00732 0.991128
-0.052704 0.001464 0.972096
-0.046848 0.020496 1.010892
-0.049776 0.006588 1.001376
-0.034404 0.005856 1.016016
-0.051972 0.005856 0.98454
-0.031476 0.001464 0.998448
-0.031476 0.001464 0.998448
-0.046116 -0.00366 0.9801479
-0.052704 0.000732 0.9801479
-0.044652 0.000732 0.991128
-0.046116 0.008783999 1.00284
-0.0366 0.008052 0.986004
-0.049776 0.006588 1.016748
-0.049776 0.005124 0.985272
-0.046116 0.006588 0.9838079
-0.038064 -0.001464 1.000644
-0.04026 0.011712 0.9882
-0.02928 0.0 1.003572
-0.049776 0.005856 0.996984
-0.051972 -0.001464 1.005768
-0.045384 -0.001464 0.981612
-0.057828 0.006588 0.9991799
-0.049044 -0.001464 0.972096
-0.046848 -0.001464 0.996252
-0.046848 -0.001464 0.996252
-0.050508 0.000732 0.9991799
-0.04758 -0.004392 0.97356
-0.049044 0.002196 0.979416
-0.039528 -0.002196 0.994788
-0.070272 0.006588 0.9713639
-0.052704 0.005856 0.986736
-0.043188 -0.002196 0.963312
-0.05124 0.005124 0.9647759
-0.039528 -0.006588 0.99552
-0.049044 0.001464 0.9882
-0.034404 -0.00366 0.992592
-0.06222 0.000732 0.9698999
-0.06954 -0.000732 0.97356
-0.040992 0.004392 0.997716
-0.040992 0.004392 0.997716
-0.043188 0.001464 0.979416
-0.043188 0.001464 0.982344
-0.04758 0.002928 0.982344
-0.03294 0.005856 0.99552
-0.057828 0.00366 0.982344
-0.045384 0.009516 0.9940559
-0.057096 0.013176 0.986736
-0.049044 0.008783999 0.986004
-0.050508 0.005856 1.005036
-0.054168 0.005856 0.986736
-0.035136 0.00366 0.9882
-0.046116 0.000732 0.985272
-0.057828 0.00732 0.966972
-0.041724 -0.002196 0.992592
-0.050508 -0.002196 0.95526
-0.045384 -0.00366 0.999912
-0.045384 0.0 0.992592
-0.055632 0.008052 0.9889319
-0.046116 -0.005124 0.972828
-0.046116 -0.005124 0.972828
-0.03294 -0.002196 0.999912
-0.043188 -0.001464 0.97356
-0.055632 0.010248 0.975024
-0.056364 0.008783999 0.960384
-0.043188 0.005856 0.993324
-0.0366 0.002196 0.994788
-0.04758 0.00732 0.9889319
-0.044652 0.005856 1.000644
-0.034404 0.009516 0.9991799
-0.043188 -0.002928 0.996252
-0.048312 -0.00366 0.95526
-0.060756 0.010248 0.996252
-0.067344 0.012444 0.99552
-0.046848 0.000732 0.98088
-0.046848 0.000732 0.98088
-0.031476 0.012444 0.991128
-0.056364 0.005856 0.999912
-0.056364 0.005856 0.999912
-0.026352 0.00732 0.985272
-0.057096 0.006588 1.007964
-0.038796 -0.002196 0.997716
-0.046116 -0.000732 0.986736
-0.04758 -0.00366 0.964044
-0.048312 0.00366 1.018212
-0.06222 0.005124 0.9903959
-0.038796 0.004392 1.005036
-0.050508 0.001464 0.981612
-0.030744 0.008783999 1.000644
-0.035136 -0.00732 0.976488
-0.03294 0.00732 1.008696
-0.056364 0.00732 0.98454
-0.056364 0.002928 1.007964
-0.0366 0.002928 1.007964
-0.050508 0.010248 0.98088
-0.039528 -0.002196 0.9801479
-0.04758 0.00366 0.986736
-0.053436 0.01098 1.029192
-0.042456 0.008783999 1.004304
-0.04026 -0.00366 0.963312
-0.054168 0.010248 0.98088
-0.048312 0.0 0.9903959
-0.050508 0.01098 0.993324
-0.053436 0.005124 0.987468
-0.051972 0.000732 0.991128
-0.057828 -0.00366 0.992592
-0.055632 0.006588 0.9991799
-0.05124 0.001464 0.989664
-0.051972 -0.00366 0.972828
-0.039528 -0.005124 0.985272
-0.039528 -0.005124 0.985272
-0.044652 0.001464 0.9940559
-0.045384 0.000732 0.97356
-0.04026 0.00366 0.9889319
-0.037332 -0.002928 0.986004
-0.051972 0.000732 0.98088
-0.033672 0.00366 1.005768
-0.033672 0.00366 1.005768
-0.05124 0.006588 0.981612
-0.046848 0.001464 0.989664
-0.054168 0.004392 1.005036
-0.0366 -0.005856 0.97356
-0.032208 0.000732 0.989664
-0.051972 0.005856 1.002108
-0.044652 0.008052 0.997716
-0.046116 0.001464 0.985272
-0.04026 0.001464 0.99552
-0.043188 0.016104 1.019676
-0.040992 -0.006588 0.987468
-0.045384 0.000732 0.972096
-0.043188 0.001464 0.989664
-0.048312 -0.002196 0.98088
-0.048312 -0.002196 0.98088
-0.049044 0.002196 0.981612
-0.050508 -0.001464 0.986004
-0.043188 0.016104 1.000644
-0.05124 0.011712 0.97722
-0.049776 -0.008052 0.94794
-0.048312 0.011712 1.022604
-0.035136 0.004392 0.965508
-0.056364 0.008783999 0.9903959
-0.052704 0.01098 0.98088
-0.035868 0.00732 0.996252
-0.050508 0.000732 0.9838079
-0.052704 -0.004392 0.989664
-0.048312 0.009516 1.016748
-0.05124 0.008783999 0.997716
-0.05124 0.008783999 0.997716
-0.043188 -0.005124 0.972828
-0.050508 0.005124 0.974292
-0.04758 -0.000732 1.004304
-0.043188 0.004392 0.975756
-0.04758 0.000732 0.99552
-0.048312 0.005124 0.975024
-0.049776 0.000732 0.9903959
-0.038796 0.005124 1.003572
-0.048312 0.011712 0.992592
-0.048312 0.011712 0.992592
-0.034404 -0.001464 0.9991799
-0.050508 0.005856 0.972828
-0.054168 -0.002196 0.978684
-0.042456 0.001464 1.015284
-0.0366 0.006588 1.005036
-0.035136 0.002196 1.014552
-0.038796 0.001464 1.005768
-0.054168 0.010248 0.9801479
-0.038796 0.008783999 1.004304
-0.042456 -0.000732 0.9838079
-0.052704 0.001464 0.979416
-0.040992 -0.000732 0.9940559
-0.042456 0.00732 1.004304
-0.039528 0.00732 0.99552
-0.039528 0.00732 0.99552
-0.049776 0.00732 0.9882
-0.050508 0.004392 1.014552
-0.040992 0.002196 0.9889319
-0.053436 -0.000732 0.98454
-0.034404 -0.008783999 0.982344
-0.052704 0.008783999 0.9838079
-0.044652 -0.00366 0.996252
-0.044652 0.005124 1.013088
-0.055632 0.009516 0.99186
-0.06222 0.009516 0.981612
-0.031476 -0.00366 1.005036
-0.046848 -0.002196 0.967704
-0.049776 0.010248 0.974292
-0.042456 -0.000732 0.996252
-0.05124 0.000732 0.9516
-0.040992 0.008052 1.00284
-0.051972 0.009516 0.983076
-0.049776 0.008052 0.965508
-0.035868 0.00732 1.007232
-0.0366 -0.000732 1.01382
-0.044652 0.000732 0.99552
-0.046116 0.002928 0.998448
-0.034404 -0.00732 0.99186
-0.041724 0.006588 0.981612
-0.041724 0.006588 0.981612
-0.049044 -0.001464 0.982344
-0.043188 0.013908 1.023336
-0.041724 -0.002928 0.985272
-0.0366 0.001464 0.99186
-0.028548 0.002928 0.998448
-0.049776 0.002928 0.991128
-0.0366 0.006588 1.001376
-0.057828 0.006588 0.961848
-0.043188 0.000732 0.97722
-0.057828 -0.002928 0.9882
-0.061488 -0.005124 0.9698999
-0.049776 -0.001464 0.961848
-0.04758 0.008052 0.996984
-0.054168 0.009516 0.996252
-0.054168 0.009516 0.996252
-0.050508 0.012444 0.985272
-0.038796 0.002928 1.013088
-0.04392 0.00732 0.9991799
-0.044652 0.013908 0.9903959
-0.042456 0.001464 0.9903959
-0.063684 0.012444 0.982344
-0.034404 -0.000732 1.007232
-0.052704 -0.001464 0.9684361
-0.04758 0.0 0.976488
-0.040992 -0.006588 0.978684
-0.059292 0.002928 0.979416
-0.02562 -0.000732 1.007964
-0.040992 -0.005856 0.99552
-0.043188 0.011712 0.996252
-0.0549 0.0 0.9991799
-0.035868 0.002928 0.994788
-0.044652 -0.001464 1.001376
-0.044652 -0.001464 1.001376
-0.05856 0.000732 0.957456
-0.048312 0.008783999 0.986004
-0.041724 0.001464 0.996984
-0.041724 0.002196 0.961848
-0.052704 0.00732 0.961848
-0.053436 0.00366 0.974292
-0.032208 0.0 0.9903959
-0.06588 0.008783999 0.97722
-0.04758 0.005856 0.9882
-0.040992 -0.000732 0.989664
-0.045384 0.008052 1.007232
-0.038796 0.004392 0.970632
-0.053436 0.008052 0.9903959
-0.046848 0.002928 1.013088
-0.035868 0.011712 1.018212
-0.04392 0.010248 1.013088
-0.049044 0.001464 0.991128
-0.049044 0.001464 0.991128
-0.04758 -0.009516 0.9940559
-0.052704 -0.001464 0.960384
-0.055632 0.005124 0.978684
-0.041724 0.002196 0.99186
-0.049776 0.001464 0.991128
-0.056364 0.006588 0.982344
-0.04758 0.002196 0.986004
-0.060756 0.002928 0.9838079
-0.037332 -0.005124 0.97356
-0.041724 -0.006588 0.966972
-0.043188 0.00732 0.989664
-0.04758 0.013908 1.007232
-0.04758 0.002928 0.978684
-0.0366 -0.005856 0.991128
-0.046116 0.013176 1.007964
-0.045384 -0.002928 0.986004
-0.048312 0.004392 0.9801479
-0.046848 0.00366 1.01382
-0.049044 0.000732 0.96624
-0.057096 0.00366 0.967704
-0.044652 0.002196 0.9991799
-0.044652 0.002196 0.9991799
-0.050508 0.0 0.969168
-0.04026 0.005124 1.019676
-0.030012 -0.002196 0.9801479
-0.054168 -0.002928 0.97356
-0.043188 0.006588 0.97356
-0.046116 0.006588 0.99552
-0.060756 0.00366 0.991128
-0.04758 0.008052 1.003572
-0.050508 0.013176 1.003572
-0.055632 0.00732 0.98454
-0.059292 -0.00366 0.978684
-0.037332 -0.000732 0.9882
-0.031476 -0.002196 1.00284
-0.042456 0.00366 0.9698999
-0.042456 0.00366 0.9698999
-0.059292 0.001464 0.987468
-0.04758 0.00732 1.01748
-0.04758 0.00732 1.01748
-0.022692 -0.005856 1.038708
-0.046848 0.005124 0.9940559
-0.055632 0.009516 0.982344
-0.046848 0.00366 0.992592
-0.046116 0.001464 1.007232
-0.04392 0.005124 0.996252
-0.050508 0.00366 0.981612
-0.050508 -0.001464 1.01016
-0.054168 -0.004392 0.972828
-0.0366 0.005124 0.994788
-0.055632 0.005856 0.98088
-0.057096 0.005124 0.983076
-0.05124 0.005124 0.9713639
-0.056364 0.005856 0.989664
-0.050508 0.009516 1.012356
-0.049044 0.00366 0.98088
-0.049044 0.00366 0.98088
-0.035868 0.001464 0.974292
-0.0549 -0.000732 0.9684361
-0.038796 -0.004392 0.985272
-0.049044 -0.001464 1.005036
-0.046848 0.000732 0.981612
-0.057828 0.002928 0.961848
-0.038064 -0.004392 0.989664
-0.038064 0.005124 0.98088
-0.0366 0.008052 0.972828
-0.059292 0.006588 0.964044
-0.057828 0.006588 0.966972
-0.048312 0.00732 0.98454
-0.049044 0.002928 0.97722
-0.035868 0.010248 1.005036
-0.035868 0.010248 1.018212
-0.04392 0.009516 1.018212
-0.048312 0.005124 0.97722
-0.050508 -0.002196 1.005768
-0.048312 0.00366 0.964044
-0.042456 0.001464 0.970632
-0.052704 0.005124 1.016748
-0.04758 -0.000732 0.99186
-0.043188 0.005124 0.958188
-0.034404 -0.000732 1.001376
-0.041724 0.001464 0.964044
-0.057096 0.008783999 0.9991799
-0.055632 0.009516 0.987468
-0.052704 0.009516 1.0065
-0.054168 0.008052 0.983076
-0.045384 -0.002928 0.991128
-0.065148 0.00366 0.981612
-0.068076 0.00732 0.991128
-0.049776 0.008052 1.008696
-0.042456 0.004392 0.991128
-0.046848 0.010248 0.99186
-0.046116 0.006588 0.987468
-0.042456 0.002928 0.992592
-0.043188 0.001464 1.007232
-0.051972 0.002196 1.000644
-0.051972 0.002196 1.000644
-0.055632 0.006588 0.997716
-0.060756 0.001464 0.979416
-0.05124 0.01464 1.01016
-0.057096 0.002928 0.961848
-0.051972 0.008783999 0.997716
-0.049776 0.008783999 0.9991799
-0.057828 -0.00732 0.964044
-0.045384 0.005124 1.016748
-0.04026 -0.004392 0.9889319
-0.033672 -0.006588 0.982344
-0.046116 0.004392 0.992592
-0.034404 -0.000732 0.997716
-0.02562 0.004392 0.974292
-0.049776 -0.00366 0.954528
-0.049776 -0.00366 0.954528
-0.048312 0.01098 0.9940559
-0.042456 0.010248 0.994788
-0.043188 0.00366 0.981612
-0.054168 0.002928 0.972096
-0.03294 0.006588 1.001376
-0.032208 0.000732 1.003572
-0.037332 0.002196 0.975024
-0.042456 0.002196 0.987468
-0.033672 0.00366 1.02114
-0.044652 0.004392 0.975756
-0.055632 0.0 0.983076
-0.060024 0.013908 0.986004
-0.045384 0.00366 1.011624
-0.051972 0.009516 1.001376
-0.03294 0.004392 1.0065
-0.033672 0.001464 1.025532
-0.049044 0.005124 1.001376
-0.049776 0.005856 0.9698999
-0.049776 0.005856 0.9698999
-0.049776 0.0 0.97356
-0.060024 0.013908 1.004304
-0.059292 -0.002928 0.949404
-0.046848 0.006588 1.004304
-0.0366 0.002196 0.991128
-0.057096 0.005124 0.983076
