0.77875 0.07875 -3.45625
0.91 0.6475 -3.885
0.44625 0.3325 -3.12375
1.28625 0.3325 -3.395
0.93625 0.25375 -3.10625
1.225 0.4725 -3.49125
1.1725 0.32375 -3.4825
1.26 0.18375 -3.4125
0.91 0.42875 -3.3425
1.1025 0.42875 -3.29
1.28625 0.32375 -3.26375
1.2425 0.49875 -3.6575
1.26 0.18375 -3.40375
0.98875 0.28875 -3.61375
1.2425 0.21 -3.605
1.19 0.875 -3.36
1.26875 0.2975 -3.2375
0.97125 0.25375 -3.6925
0.98875 0.20125 -3.21125
1.0325 0.41125 -3.5525
1.26875 0.1225 -3.22875
1.3125 0.3325 -3.24625
1.365 0.1225 -3.0975
0.875 0.23625 -3.15
1.09375 0.27125 -3.35125
1.19875 0.3675 -3.26375
1.26875 0.41125 -3.15
1.1725 0.42 -3.15
0.8837501 0.2275 -3.35125
1.00625 0.2275 -3.325
0.51625 0.3325 -3.59625
0.8400001 0.55125 -3.395
1.09375 0.0525 -3.50875
0.91 0.315 -3.5875
0.95375 0.18375 -3.2375
0.945 0.37625 -3.54375
0.98 0.4025 -3.535
1.33 0.44625 -3.2375
1.05875 0.32375 -3.3075
0.8575 0.44625 -3.675
1.2775 -0.00875 -3.3075
0.7875 0.32375 -3.4125
1.225 0.56875 -3.52625
0.7525 0.35875 -3.3075
1.3125 0.55125 -3.22875
1.00625 0.525 -3.3425
1.05875 0.5425 -3.7275
0.9625 0.14 -3.38625
1.18125 0.42 -3.31625
1.2425 0.35 -3.2375
1.3825 0.30625 -3.36
1.05 0.28875 -3.325
0.91875 0.20125 -3.71
0.735 0.27125 -3.3075
1.2425 0.4375 -3.4125
1.05 0.175 -3.49125
0.8225 0.00875 -3.5
0.735 0.42875 -3.42125
0.7 0.14875 -3.57875
0.74375 0.315 -3.17625
0.83125 0.2975 -3.43
1.07625 0.23625 -3.17625
0.7875 0.5075 -3.3075
1.2775 0.07875 -3.5
1.26 0.27125 -3.325
0.8400001 0.175 -3.535
1.2425 0.3675 -3.57
1.12 0.23625 -3.75375
1.26 0.23625 -3.12375
0.77875 0.2625 -3.325
1.02375 0.32375 -3.0625
1.1375 0.41125 -3.2725
1.1725 0.4725 -3.6225
1.16375 0.1575 -3.40375
1.225 0.42875 -3.325
0.91 0.35 -3.36875
0.9275 0.20125 -3.29
1.2775 0.0875 -3.42125
1.23375 0.30625 -3.14125
1.4525 0.51625 -3.4825
1.12875 0.39375 -3.56125
1.3475 0.06125 -3.26375
1.14625 0.1925 -3.14125
1.0675 0.42 -3.2025
1.19 0.2275 -3.14125
0.5075 0.245 -3.14125
0.875 0.105 -3.19375
1.19 0.18375 -3.43875
1.70625 0.4725 -3.2025
1.47875 0.5075 -3.465
1.30375 0.21875 -3.255
0.8925 0.35 -3.45625
0.79625 0.315 -3.2025
1.37375 0.245 -3.36
1.0325 0.34125 -3.22875
0.95375 0.23625 -3.325
1.0675 0.175 -3.12375
1.18125 0.21875 -3.4825
0.9275 0.46375 -3.395
1.04125 0.18375 -3.45625
0.77875 0.04375 -3.57
0.93625 0.32375 -3.255
0.95375 0.3325 -3.68375
1.12 0.3325 -3.45625
0.9625 0.385 -3.535
0.90125 0.14875 -3.61375
0.83125 0.4025 -3.5175
1.12 0.11375 -3.3075
1.16375 0.23625 -3.42125
1.26875 0.4375 -3.42125
1.155 0.25375 -3.3775
0.95375 0.2975 -3.325
0.9975 0.665 -3.3425
0.79625 0.21875 -3.4125
0.8225 0.21 -3.03625
1.085 0.06125 -3.31625
0.74375 0.51625 -3.45625
0.2625 -0.02625 -3.3425
1.155 0.42875 -3.4125
0.98 0.37625 -3.64
0.90125 0.18375 -3.15875
0.72625 0.315 -3.465
1.2075 0.49875 -3.325
1.28625 0.1575 -3.36
0.8662499 0.69125 -3.54375
0.98 0.23625 -3.28125
1.18125 0.56 -3.45625
1.21625 0.18375 -3.45625
0.525 -0.04375 -3.57
1.0325 0.2275 -3.3425
1.42625 0.315 -3.52625
1.19875 0.46375 -3.5175
1.02375 0.3325 -3.4825
1.14625 0.35 -3.38625
0.98875 0.77 -3.91125
0.93625 0.21 -3.7625
0.8662499 0.245 -3.08875
1.155 0.5075 -3.68375
1.18125 0.63875 -3.535
1.12875 -0.07875 -3.33375
0.7525 0.00875 -3.4125
1.085 0.39375 -3.605
1.28625 0.39375 -3.50875
1.16375 0.2975 -3.36
0.98875 0.00875 -3.24625
0.95375 0.455 -3.36875
0.8400001 0.42 -3.22875
1.05875 0.32375 -3.395
1.09375 -0.00875 -3.43
1.3125 0.21 -3.36875
1.28625 0.4375 -3.31625
0.93625 0.27125 -3.43
1.225 0.2975 -3.54375
1.44375 0.4025 -3.35125
0.76125 0.16625 -3.29
0.95375 0.42875 -3.64
1.05875 0.245 -3.325
1.28625 0.1575 -3.33375
0.8400001 0.595 -3.4475
1.23375 0.7175 -3.3425
1.2775 0.1925 -3.325
1.26 0.35 -3.29
0.9975 -0.1925 -3.325
0.8400001 0.42875 -3.24625
0.51625 0.3675 -3.29
1.1375 0.18375 -3.465
0.5075 0.105 -3.2375
0.9625 0.37625 -3.49125
1.155 0.60375 -3.38625
1.28625 0.5075 -3.56125
1.645 0.21875 -3.4125
1.35625 0.49 -3.21125
1.225 0.4725 -3.21125
1.05 0.4375 -3.56125
0.7175 0.16625 -3.5175
1.0675 0.32375 -3.59625
0.67375 0.00875 -3.43
1.14625 0.4375 -3.47375
1.39125 0.49 -3.61375
1.04125 0.14875 -3.59625
1.32125 0.25375 -3.31625
0.8137501 0.245 -3.10625
1.05875 0.13125 -3.43875
1.05875 0.37625 -3.57
1.19 0.7175 -3.43875
1.365 0.51625 -3.33375
1.32125 0.1225 -3.36875
1.19875 0.7525 -3.185
1.00625 0.4375 -3.52625
1.3475 0.70875 -3.2025
1.05 0.23625 -3.52625
0.90125 0.1925 -3.73625
1.015 0.27125 -3.28125
0.9975 0.14875 -3.38625
1.0325 0.3325 -3.47375
0.58625 0.5075 -3.465
1.05875 0.5425 -3.36
0.9975 0.16625 -3.43
1.61875 0.42875 -3.24625
0.98875 0.63 -3.40375
0.95375 -0.0175 -3.3425
0.90125 0.27125 -3.28125
0.7525 0.105 -3.29
0.77 -0.0525 -3.255
0.8575 0.18375 -3.29
1.0325 0.0 -3.15875
1.14625 0.28 -3.64875
1.26875 0.4725 -3.64
0.97125 0.2625 -3.35125
1.225 0.14875 -2.9575
0.8400001 0.2275 -3.28125
1.435 0.8137501 -3.22875
1.12 0.34125 -3.2375
0.8575 0.25375 -3.08
1.0325 0.1575 -3.26375
1.26 0.7175 -3.1675
0.735 0.385 -3.395
1.225 0.25375 -3.45625
0.90125 0.0875 -3.33375
0.805 0.27125 -3.465
1.3825 0.39375 -3.36
1.0325 0.56 -3.38625
0.875 0.27125 -3.395
1.1375 0.65625 -3.6925
0.8662499 0.28875 -3.36875
0.875 0.25375 -3.29
0.79625 0.25375 -3.3075
0.5775 0.18375 -3.6925
1.07625 0.1925 -3.22875
0.95375 0.175 -3.22875
0.72625 0.35875 -3.52625
0.6825 0.23625 -3.3075
1.00625 0.2275 -3.38625
0.665 0.30625 -3.43
1.25125 0.2275 -3.33375
0.9275 0.20125 -3.50875
0.6825 0.5425 -3.5
1.14625 0.32375 -3.33375
1.05 0.315 -3.24625
0.98875 0.6125 -3.3775
1.19875 0.0875 -3.17625
0.90125 0.28875 -3.17625
0.44625 -0.0175 -3.5175
1.2425 0.39375 -3.70125
1.1375 0.34125 -3.24625
1.0325 -0.0175 -3.2725
0.76125 0.21875 -3.08875
1.05 0.28 -3.22875
1.33875 0.1925 -3.15875
0.98 0.14875 -3.33375
0.83125 0.02625 -3.255
0.9625 0.14875 -3.4825
0.93625 0.0525 -3.31625
0.56875 0.245 -3.29
0.79625 0.1925 -3.395
0.83125 0.25375 -3.465
1.05 0.32375 -3.36875
1.19 0.00875 -3.325
1.33875 0.23625 -3.08875
1.05 0.51625 -3.43
0.7175 0.28 -3.29875
1.02375 0.11375 -3.22
0.90125 0.49 -3.50875
1.04125 0.385 -3.56125
1.2425 0.48125 -3.395
0.95375 0.46375 -3.17625
0.8137501 0.28875 -3.35125
0.79625 0.02625 -3.29
1.07625 0.315 -3.605
1.295 0.34125 -3.6575
1.18125 0.34125 -3.7275
0.9975 0.55125 -3.01875
1.015 0.3325 -3.4475
1.365 0.42 -3.2025
0.44625 0.27125 -3.3425
0.97125 0.3325 -3.08
0.91 0.20125 -3.63125
0.98 0.37625 -3.22875
1.0675 0.51625 -3.1675
0.8925 0.28 -3.33375
1.2425 0.4025 -3.4475
0.63 -0.1225 -3.63125
1.05875 0.07875 -3.465
1.1025 0.42 -3.5175
0.74375 0.39375 -3.64
0.95375 0.28875 -3.4825
1.1375 0.49 -3.3075
0.90125 0.35 -3.2375
0.62125 0.315 -3.35125
0.9275 -0.035 -3.115
0.8575 0.5775 -3.45625
0.665 0.39375 -3.29875
0.8575 0.4025 -3.605
0.9275 0.315 -3.43875
1.3825 0.27125 -3.14125
1.085 0.4375 -3.15
1.18125 0.37625 -3.4475
1.015 0.5075 -3.28125
1.26875 0.34125 -3.3425
0.91875 0.28 -3.57875
0.9275 0.35875 -3.22875
0.98875 0.595 -3.35125
1.4525 0.63 -3.5
0.90125 0.25375 -3.8325
1.32125 0.4375 -3.4825
0.97125 0.2625 -3.47375
1.015 0.56875 -3.0275
1.295 0.49875 -3.4825
0.69125 0.42875 -3.71875
0.72625 0.1925 -3.395
0.8137501 0.595 -3.64
1.19875 0.2625 -3.5875
0.97125 0.175 -3.395
1.0325 0.105 -3.03625
1.295 0.315 -3.61375
1.42625 -0.035 -3.40375
1.085 0.3675 -3.2725
1.26875 0.28 -3.66625
1.00625 0.3325 -3.64
1.02375 0.42875 -3.33375
1.00625 0.42 -3.465
0.98875 0.595 -3.3425
1.19875 0.245 -3.605
0.8925 0.3325 -3.19375
0.805 0.27125 -3.4475
0.91875 0.35 -3.64875
1.14625 0.28 -3.5175
1.09375 -0.07875 -3.3075
0.98 0.21875 -3.3775
1.25125 0.42875 -3.35125
0.8837501 0.58625 -3.4825
1.04125 0.1575 -3.61375
1.02375 0.1925 -3.42125
1.14625 0.2625 -3.63125
1.1725 0.16625 -3.52625
0.595 0.49 -3.4125
0.9975 0.30625 -3.4125
0.945 0.37625 -3.63125
0.90125 -0.0175 -3.2725
0.95375 0.4375 -3.47375
0.735 0.23625 -3.4125
1.2425 0.49 -3.42125
1.14625 0.315 -3.63125
0.77875 0.21875 -3.5875
0.91 0.27125 -3.22875
0.8925 0.07875 -3.36
1.1025 0.25375 -3.35125
1.155 0.67375 -3.36875
1.30375 0.60375 -3.68375
1.12875 0.34125 -3.40375
1.14625 -0.0875 -3.2375
1.1025 0.2625 -3.49125
1.4175 0.1575 -3.35125
0.95375 0.16625 -3.61375
0.8837501 0.2275 -3.2025
1.0675 0.25375 -3.21125
1.015 0.34125 -3.57875
0.77 0.77 -3.42125
0.945 0.53375 -3.2725
0.8662499 0.14 -3.15875
1.2775 0.28875 -3.605
0.7875 0.595 -3.4125
0.7875 0.37625 -3.54375
1.19875 0.105 -3.36875
1.37375 0.2625 -3.2725
1.05875 0.42 -3.2025
1.07625 0.315 -3.36
1.05 0.34125 -3.4475
1.04125 0.34125 -3.5525
1.07625 0.0875 -3.57875
1.4175 0.5775 -3.22
1.25125 0.1575 -3.50875
1.23375 0.525 -3.17625
1.085 0.18375 -3.45625
0.42875 0.175 -3.40375
0.8400001 0.25375 -3.21125
